[gd_scene format=3 uid="uid://d02vqk83l64nf"]

[ext_resource type="Script" uid="uid://cvgb00rkiwey" path="res://scripts/main.gd" id="1"]
[ext_resource type="PackedScene" path="res://scenes/player/player.tscn" id="2"]
[ext_resource type="PackedScene" path="res://scenes/objects/door.tscn" id="3"]
[ext_resource type="PackedScene" path="res://scenes/ui/door_wheel.tscn" id="4"]
[ext_resource type="PackedScene" path="res://scenes/ui/pause_menu.tscn" id="5"]

[sub_resource type="BoxMesh" id="BoxMesh_floor"]
size = Vector3(30, 0.2, 30)

[sub_resource type="StandardMaterial3D" id="Mat_Sankan"]
albedo_color = Color(0.1, 0.4, 0.1, 1)

[sub_resource type="BoxShape3D" id="BoxShape3D_floor"]
size = Vector3(30, 0.2, 30)

[sub_resource type="StandardMaterial3D" id="Mat_Kingsbury"]
albedo_color = Color(0.5, 0.05, 0.05, 1)

[sub_resource type="StandardMaterial3D" id="Mat_Minato"]
albedo_color = Color(0.05, 0.1, 0.45, 1)

[sub_resource type="StandardMaterial3D" id="Mat_Senchi"]
albedo_color = Color(0.05, 0.05, 0.05, 1)

[node name="Main" type="Node3D" unique_id=1181217209]
script = ExtResource("1")

[node name="山間" type="Node3D" parent="." unique_id=1739406529]

[node name="Floor" type="StaticBody3D" parent="山間" unique_id=517870081]
transform = Transform3D(1, 0, 0, 0, 1, 0, 0, 0, 1, 0, -0.1, 0)

[node name="MeshInstance3D" type="MeshInstance3D" parent="山間/Floor" unique_id=40679869]
mesh = SubResource("BoxMesh_floor")
surface_material_override/0 = SubResource("Mat_Sankan")

[node name="CollisionShape3D" type="CollisionShape3D" parent="山間/Floor" unique_id=1051390313]
shape = SubResource("BoxShape3D_floor")

[node name="Light" type="DirectionalLight3D" parent="山間" unique_id=1522443318]
transform = Transform3D(0.8660254, 0.35355338, -0.35355338, 0, 0.70710677, 0.70710677, 0.5, -0.6123724, 0.6123724, 0, 0, 0)
light_energy = 1.5

[node name="Door" parent="山間" unique_id=355607043 instance=ExtResource("3")]
transform = Transform3D(1, 0, 0, 0, 1, 0, 0, 0, 1, 0, 0, -5)
door_id = "door_sankan"
display_name = "山間の扉"

[node name="キングスベリー" type="Node3D" parent="." unique_id=719801343]
transform = Transform3D(1, 0, 0, 0, 1, 0, 0, 0, 1, 100, 0, 0)

[node name="Floor" type="StaticBody3D" parent="キングスベリー" unique_id=886588438]
transform = Transform3D(1, 0, 0, 0, 1, 0, 0, 0, 1, 0, -0.1, 0)

[node name="MeshInstance3D" type="MeshInstance3D" parent="キングスベリー/Floor" unique_id=833555361]
mesh = SubResource("BoxMesh_floor")
surface_material_override/0 = SubResource("Mat_Kingsbury")

[node name="CollisionShape3D" type="CollisionShape3D" parent="キングスベリー/Floor" unique_id=1703739982]
shape = SubResource("BoxShape3D_floor")

[node name="Light" type="DirectionalLight3D" parent="キングスベリー" unique_id=332508422]
transform = Transform3D(0.8660254, 0.35355338, -0.35355338, 0, 0.70710677, 0.70710677, 0.5, -0.6123724, 0.6123724, 0, 0, 0)
light_energy = 1.5

[node name="Door" parent="キングスベリー" unique_id=1354054463 instance=ExtResource("3")]
transform = Transform3D(1, 0, 0, 0, 1, 0, 0, 0, 1, 0, 0, -5)
door_id = "door_kingsbury"
display_name = "キングスベリーの扉"

[node name="港町" type="Node3D" parent="." unique_id=1145883238]
transform = Transform3D(1, 0, 0, 0, 1, 0, 0, 0, 1, 0, 0, 100)

[node name="Floor" type="StaticBody3D" parent="港町" unique_id=866674383]
transform = Transform3D(1, 0, 0, 0, 1, 0, 0, 0, 1, 0, -0.1, 0)

[node name="MeshInstance3D" type="MeshInstance3D" parent="港町/Floor" unique_id=759343829]
mesh = SubResource("BoxMesh_floor")
surface_material_override/0 = SubResource("Mat_Minato")

[node name="CollisionShape3D" type="CollisionShape3D" parent="港町/Floor" unique_id=1676964940]
shape = SubResource("BoxShape3D_floor")

[node name="Light" type="DirectionalLight3D" parent="港町" unique_id=1399198538]
transform = Transform3D(0.8660254, 0.35355338, -0.35355338, 0, 0.70710677, 0.70710677, 0.5, -0.6123724, 0.6123724, 0, 0, 0)
light_energy = 1.5

[node name="Door" parent="港町" unique_id=869799243 instance=ExtResource("3")]
transform = Transform3D(1, 0, 0, 0, 1, 0, 0, 0, 1, 0, 0, -5)
door_id = "door_minato"
display_name = "港町の扉"

[node name="戦地" type="Node3D" parent="." unique_id=109028726]
transform = Transform3D(1, 0, 0, 0, 1, 0, 0, 0, 1, 100, 0, 100)

[node name="Floor" type="StaticBody3D" parent="戦地" unique_id=1349201323]
transform = Transform3D(1, 0, 0, 0, 1, 0, 0, 0, 1, 0, -0.1, 0)

[node name="MeshInstance3D" type="MeshInstance3D" parent="戦地/Floor" unique_id=807310599]
mesh = SubResource("BoxMesh_floor")
surface_material_override/0 = SubResource("Mat_Senchi")

[node name="CollisionShape3D" type="CollisionShape3D" parent="戦地/Floor" unique_id=1338974091]
shape = SubResource("BoxShape3D_floor")

[node name="Light" type="DirectionalLight3D" parent="戦地" unique_id=464414905]
transform = Transform3D(0.8660254, 0.35355338, -0.35355338, 0, 0.70710677, 0.70710677, 0.5, -0.6123724, 0.6123724, 0, 0, 0)
light_energy = 1.5

[node name="Door" parent="戦地" unique_id=106973949 instance=ExtResource("3")]
transform = Transform3D(1, 0, 0, 0, 1, 0, 0, 0, 1, 0, 0, -5)
door_id = "door_senchi"
display_name = "戦地の扉"

[node name="Player" parent="." unique_id=962535656 instance=ExtResource("2")]
transform = Transform3D(1, 0, 0, 0, 1, 0, 0, 0, 1, 0, 1, 0)

[node name="HUD" type="CanvasLayer" parent="." unique_id=2098948522]

[node name="DebugLabel" type="Label" parent="HUD" unique_id=1185122965]
offset_left = 10.0
offset_top = 10.0
offset_right = 500.0
offset_bottom = 40.0
theme_override_colors/font_color = Color(1, 1, 0, 1)
theme_override_colors/font_outline_color = Color(0, 0, 0, 1)
theme_override_constants/outline_size = 2
text = "Pos: (0.0, 0.0, 0.0)"

[node name="DoorWheel" parent="." unique_id=1257612392 instance=ExtResource("4")]

[node name="PauseMenu" parent="." unique_id=1156069418 instance=ExtResource("5")]
